

ei_pu:
-----
Parameters:

random_restarts10
num_iter_max100
gridFalse


loss: [ 12.87993004  -3.48577895  -8.58932894 -17.13313795 -28.31225846
 -40.66944461 -57.06999009 -60.66110631 -53.32147244 -60.05037895
 -75.98197946 -65.61531717 -67.6181488 ]
count: [59. 56. 57. 58. 65. 65. 73. 68. 67. 66. 72. 63. 57.]
cost_grid: [  7.89473684  15.78947368  23.68421053  31.57894737  39.47368421
  47.36842105  55.26315789  63.15789474  71.05263158  78.94736842
  86.84210526  94.73684211 102.63157895]
f_best_list:[ -16.41852746  -45.22929436  -56.66620198  -74.33256855  -92.92517731
 -100.14356508 -117.5026804  -114.56169883 -112.56862217 -111.57498619
 -124.02106052 -109.68104359  -98.91929837]




carbo:
-----
Parameters:

random_restarts10
num_iter_max100
gridFalse


loss: [  3.52337446  -3.62963985 -10.87189514 -23.28062562 -41.79573526
 -49.50996139 -60.61799267 -62.19085724 -74.43014971 -68.3208736
 -74.62477528 -68.22477156]
count: [16. 50. 52. 62. 64. 67. 65. 69. 73. 67. 68. 56.]
cost_grid: [ 15.78947368  23.68421053  31.57894737  39.47368421  47.36842105
  55.26315789  63.15789474  71.05263158  78.94736842  86.84210526
  94.73684211 102.63157895]
f_best_list:[  -4.67930624  -41.88474037  -68.28299655  -89.77114735  -96.45022853
 -102.86312191 -103.31724685 -112.78586343 -121.05348372 -111.29443973
 -113.09732386  -92.61798999]




ei:
-----
Parameters:

random_restarts10
num_iter_max100
gridFalse


loss: [ 12.31430473  -5.51155202 -14.7583677  -29.75671892 -39.24276352
 -49.86528928 -56.5437715  -61.13438457 -58.95739844 -60.95930622
 -69.05279104 -61.79973284 -52.28498657]
count: [60. 52. 56. 57. 66. 66. 72. 73. 70. 68. 69. 65. 51.]
cost_grid: [  7.89473684  15.78947368  23.68421053  31.57894737  39.47368421
  47.36842105  55.26315789  63.15789474  71.05263158  78.94736842
  86.84210526  94.73684211 102.63157895]
f_best_list:[ -15.65106208  -50.39952191  -72.32217001  -90.40046361 -111.89225944
 -112.54757546 -122.63579374 -124.82022321 -120.17759792 -117.9093258
 -119.35435083 -112.61651633  -88.37255371]




imco:
-----
Parameters:

random_restarts10
num_iter_max100
gridFalse


loss: [ 13.01946837  -3.27585692 -14.31619607 -23.80308789 -31.89135255
 -42.86942263 -50.93557712 -47.09302495 -43.34871038 -49.95640561
 -56.90398112 -62.64031652 -55.30842247]
count: [58. 53. 61. 60. 63. 69. 72. 66. 63. 68. 72. 66. 55.]
cost_grid: [  7.89473684  15.78947368  23.68421053  31.57894737  39.47368421
  47.36842105  55.26315789  63.15789474  71.05263158  78.94736842
  86.84210526  94.73684211 102.63157895]
f_best_list:[ -14.22210756  -49.48055285  -71.80091518  -79.65979986  -94.44754843
 -105.42331002 -116.66830982 -110.91565677 -105.91991245 -116.3688785
 -122.96719646 -112.52098504  -94.36418113]


