

ei_pu:
-----
Parameters:

random_restarts10
num_iter_max100
gridFalse


loss: [ -15.6495304   -49.54052982 -101.50875278 -122.58877084 -125.84735766
 -177.88831545          -inf -130.73755861 -182.95962203 -141.9158534
 -171.15871659 -191.26992718 -158.24629399  -19.55736297]
count: [40. 31. 45. 50. 46. 59. 48. 39. 52. 39. 43. 46. 37.  4.]
cost_grid: [  7.89473684  15.78947368  23.68421053  31.57894737  39.47368421
  47.36842105  55.26315789  63.15789474  71.05263158  78.94736842
  86.84210526  94.73684211 102.63157895 110.52631579]
f_best_list:[-11.65266187 -28.46450373 -43.78339253 -49.1579166  -45.39278102
 -58.52945098 -47.66944853 -38.8066828  -51.65185221 -38.72829929
 -42.70809175 -45.72078976 -36.76980763  -3.97495768]




carbo:
-----
Parameters:

random_restarts10
num_iter_max100
gridFalse


loss: [-6.72972636e-02 -7.13085874e+00 -3.21617530e+01 -9.75629294e+01
 -1.39275496e+02 -1.39991403e+02 -1.28775423e+02 -1.66891063e+02
 -1.76401706e+02 -1.95600698e+02 -1.63958990e+02 -1.89427933e+02
 -1.14182280e+02 -4.17590088e+00]
count: [70. 70. 33. 48. 54. 47. 43. 48. 50. 49. 42. 47. 28.  1.]
cost_grid: [  7.89473684  15.78947368  23.68421053  31.57894737  39.47368421
  47.36842105  55.26315789  63.15789474  71.05263158  78.94736842
  86.84210526  94.73684211 102.63157895 110.52631579]
f_best_list:[ -0.07037308  -7.73135197 -26.97598497 -46.26059873 -53.20573893
 -46.47959679 -42.499456   -47.4863054  -49.53646553 -48.63334301
 -41.72140121 -46.63989418 -27.71810367  -0.95343358]




ei:
-----
Parameters:

random_restarts10
num_iter_max100
gridFalse


loss: [ -19.04287563  -54.6965904   -54.0625926  -109.0551966  -166.42483144
 -202.58855226 -203.16123678 -196.3185431  -191.17240691 -171.77968075
 -160.09699383 -184.25775858          -inf   -8.70012032]
count: [43. 35. 28. 45. 55. 57. 56. 50. 48. 43. 38. 43. 33.  2.]
cost_grid: [  7.89473684  15.78947368  23.68421053  31.57894737  39.47368421
  47.36842105  55.26315789  63.15789474  71.05263158  78.94736842
  86.84210526  94.73684211 102.63157895 110.52631579]
f_best_list:[-15.66263519 -30.13769754 -26.8333072  -44.19769432 -54.38896666
 -56.28931025 -55.48718278 -49.44603299 -47.56137909 -42.75035876
 -37.82740031 -42.82049897 -32.93460341  -1.99703145]




imco:
-----
Parameters:

random_restarts10
num_iter_max100
gridFalse


loss: [ -24.73495617  -61.61528046 -108.741825   -119.00315925 -150.90196128
 -161.1700942  -116.53201101 -164.39944406          -inf -189.51833926
 -178.49174017 -193.62809992 -176.0304599 ]
count: [46. 38. 46. 45. 51. 55. 37. 49. 46. 46. 44. 49. 41.]
cost_grid: [  7.89473684  15.78947368  23.68421053  31.57894737  39.47368421
  47.36842105  55.26315789  63.15789474  71.05263158  78.94736842
  86.84210526  94.73684211 102.63157895]
f_best_list:[-21.72121097 -33.93850775 -44.7290722  -44.57709585 -50.53125925
 -54.54690066 -36.73184027 -48.66161609 -45.73168796 -45.81899312
 -43.79809431 -48.73187938 -40.80502452]


