

ei_pu:
-----
Parameters:

random_restarts10
num_iter_max100
gridFalse


loss: [ 20.85359325  11.50178465  -2.96682996 -19.37306553 -39.99342166
 -65.55366842 -47.08002366 -32.0029366  -29.02617984 -48.0124979
 -27.6561197  -37.91464182 -50.4789252  -18.95362193]
count: [68. 44. 11.  9. 10. 18. 18. 10.  9. 14. 11. 10. 15.  5.]
cost_grid: [  7.89473684  15.78947368  23.68421053  31.57894737  39.47368421
  47.36842105  55.26315789  63.15789474  71.05263158  78.94736842
  86.84210526  94.73684211 102.63157895 110.52631579]
f_best_list:[-47.85822611 -43.88745905 -17.07901966 -23.46040668 -27.28978181
 -49.15982478 -49.49537896 -27.49286612 -24.75050086 -38.50947294
 -30.25740121 -27.5072666  -41.26119415 -13.75409165]




carbo:
-----
Parameters:

random_restarts10
num_iter_max100
gridFalse


loss: [ -6.94097906 -34.85781655 -17.62900963 -49.2498684  -87.24670989
 -25.34333283 -59.40654607 -56.98547932 -70.98855249 -35.24732496
 -45.48481417 -23.98686854]
count: [ 8. 40. 13. 17. 27. 10. 16. 15. 13. 14. 13.  7.]
cost_grid: [ 15.78947368  31.57894737  39.47368421  47.36842105  55.26315789
  63.15789474  71.05263158  78.94736842  86.84210526  94.73684211
 102.63157895 110.52631579]
f_best_list:[ -5.49338845 -97.74303501 -31.78137634 -44.88830393 -74.08004559
 -27.48556198 -43.98887313 -41.24467966 -35.73950604 -38.49987189
 -35.74878201 -19.24690801]




ei_ppu:
-----
Parameters:

random_restarts10
num_iter_max100
gridFalse


loss: [ 17.96302388  13.39450715  -9.89458965 -44.96058377 -37.56633731
 -79.88744377 -58.21967785 -43.04757481 -51.86176638 -34.04241012
 -53.19266905 -68.07647142 -27.65333531 -23.98118246  -2.51387173]
count: [57. 51. 12. 16. 13. 19. 13. 12. 13. 11. 11. 22. 11.  7.  1.]
cost_grid: [  7.89473684  15.78947368  23.68421053  31.57894737  39.47368421
  47.36842105  55.26315789  63.15789474  71.05263158  78.94736842
  86.84210526  94.73684211 102.63157895 110.52631579 118.42105263]
f_best_list:[-41.12332009 -57.99539106 -18.38566614 -39.81550281 -34.43680998
 -51.5100866  -35.46520836 -32.96483282 -35.71111925 -30.24885164
 -30.23429589 -60.51660987 -30.1737167  -19.25540976  -2.748188  ]




ei:
-----
Parameters:

random_restarts10
num_iter_max100
gridFalse


loss: [ 20.26082761   9.02540975  -2.35305787 -19.54836946 -20.993403
 -51.83116696 -36.72270015 -43.04264939 -25.28984855 -51.88092039
 -65.9008442  -75.81794016 -24.00997184 -18.95395438  -2.51386606]
count: [63. 36.  8. 11. 10. 15. 12. 12. 10. 13. 21. 20.  7.  5.  1.]
cost_grid: [  7.89473684  15.78947368  23.68421053  31.57894737  39.47368421
  47.36842105  55.26315789  63.15789474  71.05263158  78.94736842
  86.84210526  94.73684211 102.63157895 110.52631579 118.42105263]
f_best_list:[-42.15055206 -37.25888703 -14.28361209 -28.9665331  -26.97452447
 -40.55011333 -32.93599772 -32.98774146 -27.49901848 -35.75495348
 -57.75656711 -55.0131905  -19.24742447 -13.75401468  -2.75081225]




ei_prox:
-----
Parameters:

random_restarts10
num_iter_max100
gridFalse


loss: [ 18.07188586  13.22365035  -2.94493534 -25.09416725 -40.56663651
 -38.68813403 -50.08027627 -32.89660467 -34.4245039  -29.30195677
 -53.13221786 -15.21601887 -27.72702673  -5.0292872  -16.46909618]
count: [58. 49.  8. 15. 15. 10. 14.  8.  8.  9. 16.  6. 11.  2.  4.]
cost_grid: [  7.89473684  15.78947368  23.68421053  31.57894737  39.47368421
  47.36842105  55.26315789  63.15789474  71.05263158  78.94736842
  86.84210526  94.73684211 102.63157895 110.52631579 118.42105263]
f_best_list:[-40.32672379 -51.68991957 -12.35022683 -40.31551284 -40.83969623
 -27.13647494 -38.25419153 -22.00417479 -22.0032428  -24.75250533
 -44.00351177 -16.5029508  -30.25692424  -5.50158461 -11.00318076]


