

ei_pu:
-----
Parameters:

random_restarts10
num_iter_max100
gridFalse


loss: [ 36.69509461  38.77623032  26.9307672   17.81084934  21.68938438
  15.01106021   0.99499523  -1.23286981   4.90257098   6.35484743
 -34.53183286 -47.73872773 -82.34539063]
count: [59. 70. 56. 56. 67. 57. 58. 55. 69. 71. 76. 75. 54.]
cost_grid: [  7.89473684  15.78947368  23.68421053  31.57894737  39.47368421
  47.36842105  55.26315789  63.15789474  71.05263158  78.94736842
  86.84210526  94.73684211 102.63157895]
f_best_list:[ -70.03718202 -140.35480129 -138.36532978 -168.93371079 -204.48873907
 -173.72212961 -189.63831772 -189.53643957 -244.00421457 -251.68391079
 -302.96129712 -319.23555403 -261.48297948]




carbo:
-----
Parameters:

random_restarts10
num_iter_max100
gridFalse


loss: [  0.87880107  40.53221247  44.39028273  39.42665021  29.35772707
  12.04768282  -0.12258763 -10.87018019 -14.45075303 -23.26905439
 -33.59147555 -17.29235806  -1.65271167]
count: [ 1. 50. 68. 64. 67. 69. 81. 74. 60. 49. 59. 39.  3.]
cost_grid: [ 15.78947368  23.68421053  31.57894737  39.47368421  47.36842105
  55.26315789  63.15789474  71.05263158  78.94736842  86.84210526
  94.73684211 102.63157895 110.52631579]
f_best_list:[  -1.15537984  -68.08302724 -124.13216282 -130.58724741 -167.1681495
 -197.48936836 -279.12010297 -271.37490008 -230.10722887 -199.35574974
 -251.30159623 -169.06149919  -12.3416981 ]




ei_ppu:
-----
Parameters:

random_restarts10
num_iter_max100
gridFalse


loss: [ 22.31156248   5.73676252  -6.62363742  -5.06602443   2.3345629
 -13.16783482 -40.7763457  -49.0269611  -57.82360871 -64.57220231
 -76.30579653 -93.23431127 -72.97042036]
count: [63. 70. 51. 65. 72. 67. 59. 68. 62. 68. 76. 81. 59.]
cost_grid: [  7.89473684  15.78947368  23.68421053  31.57894737  39.47368421
  47.36842105  55.26315789  63.15789474  71.05263158  78.94736842
  86.84210526  94.73684211 102.63157895]
f_best_list:[-112.44651999 -207.18654973 -176.60279235 -224.60001224 -258.88373798
 -247.82035654 -233.94539734 -291.03178606 -278.89298862 -307.57891858
 -350.88031854 -380.67551427 -282.75121955]




ei:
-----
Parameters:

random_restarts10
num_iter_max100
gridFalse


loss: [ 35.62431174  17.01682708   7.28268877 -16.19439651   3.42695194
   1.36133189  -3.71369392  -8.07503952  -2.18389791 -17.49775501
 -25.68176481 -53.32027904 -54.72564246]
count: [57. 59. 56. 61. 65. 66. 63. 59. 57. 74. 63. 67. 63.]
cost_grid: [  7.89473684  15.78947368  23.68421053  31.57894737  39.47368421
  47.36842105  55.26315789  63.15789474  71.05263158  78.94736842
  86.84210526  94.73684211 102.63157895]
f_best_list:[ -53.60470647 -148.80648415 -127.7912263  -188.96333989 -206.48875912
 -223.69052031 -222.78625612 -207.68822173 -206.54912398 -277.17477645
 -250.92166389 -294.43580909 -280.95197854]




ei_prox:
-----
Parameters:

random_restarts10
num_iter_max100
gridFalse


loss: [ 30.65494659  23.39786309  12.63359551  26.76763248   9.13243519
   2.5227433   -2.16061741   5.96020935  -3.67649775 -25.49882989
 -31.75770677 -77.6863474  -86.20932704  -2.88671385]
count: [53. 61. 50. 68. 68. 60. 74. 55. 56. 75. 76. 76. 60.  1.]
cost_grid: [  7.89473684  15.78947368  23.68421053  31.57894737  39.47368421
  47.36842105  55.26315789  63.15789474  71.05263158  78.94736842
  86.84210526  94.73684211 102.63157895 110.52631579]
f_best_list:[ -62.72869278 -125.95043925 -127.44324239 -160.22492084 -204.93365065
 -179.18471814 -255.13206648 -182.97145424 -208.74925863 -295.17257353
 -306.59960894 -340.61300858 -294.1403369    -5.44414208]


